TABLE 23.0 2026 SE Questionnaire (embedded fixed ZOU687WS.TXT  Mar 02 2026 13:09
INPUT: 49 PERSON  18 ITEM  REPORTED: 49 PERSON  18 ITEM  5 CATS WINSTEPS 5.10.0.0
---------------------------------------------------------------------------------
 
     Table of STANDARDIZED RESIDUAL variance in Eigenvalue units = ITEM information units
                                           Eigenvalue   Observed   Expected
Total raw variance in observations     =      36.6839 100.0%         100.0%
  Raw variance explained by measures   =      18.6839  50.9%          49.9%
    Raw variance explained by persons  =      10.0003  27.3%          26.7%
    Raw Variance explained by items    =       8.6836  23.7%          23.2%
  Raw unexplained variance (total)     =      18.0000  49.1% 100.0%   50.1%
    Unexplned variance in 1st contrast =       3.3169   9.0%  18.4%
    Unexplned variance in 2nd contrast =       2.8467   7.8%  15.8%
    Unexplned variance in 3rd contrast =       2.6893   7.3%  14.9%
    Unexplned variance in 4th contrast =       1.8098   4.9%  10.1%
    Unexplned variance in 5th contrast =       1.1740   3.2%   6.5%
 
Essential Unidimensionality (Rasch/Common variance) =  63.7%
 
       STANDARDIZED RESIDUAL VARIANCE SCREE PLOT
 
        VARIANCE COMPONENT SCREE PLOT
       +--+--+--+--+--+--+--+--+--+--+--+
   100%+  T                             +
       |                                |
  V 63%+                                +
  A    |     M                          |
  R 40%+              U                 +
  I    |                                |
  A 25%+        P                       +
  N    |           I                    |
  C 16%+                                +
  E    |                                |
    10%+                                +
  L    |                 1              |
  O  6%+                    2  3        +
  G    |                                |
  |  4%+                          4     +
  S    |                             5  |
  C  3%+                                +
  A    |                                |
  L  2%+                                +
  E    |                                |
  D  1%+                                +
       |                                |
   0.5%+                                +
       +--+--+--+--+--+--+--+--+--+--+--+
          TV MV PV IV UV U1 U2 U3 U4 U5
         VARIANCE COMPONENTS
 
Approximate relationships between the PERSON measures
 PCA      ITEM      Pearson       Disattenuated Pearson+Extr  Disattenuated+Extr
Contrast  Clusters  Correlation   Correlation   Correlation   Correlation  Cluster Sizes
 1        1 - 2      0.4897        0.6548                                  4       5
 1        1 - 3      0.2734        0.3354                                  4       9
 1        2 - 3      0.5963        0.7597                                  5       9
 1        1 - B      0.7060                                                4       18
 1        2 - B      0.8366                                                5       18
 1        3 - B      0.8224                                                9       18
 2        1 - 2      0.3152        0.4462                                  7       4
 2        1 - 3      0.4273        0.5423                                  7       7
 2        2 - 3      0.7036        0.9214                                  4       7
 2        1 - B      0.7132                                                7       18
 2        2 - B      0.7870                                                4       18
 2        3 - B      0.9086                                                7       18
 3        1 - 2      0.6024        0.8687                                  6       4
 3        1 - 3      0.3877        0.4752                                  6       8
 3        2 - 3      0.5311        0.7563                                  4       8
 3        1 - B      0.8223                                                6       18
 3        2 - B      0.8344                                                4       18
 3        3 - B      0.7769                                                8       18
 4        1 - 2      0.5721        1.0000                                  2       7
 4        1 - 3      0.3729        0.6717                                  2       9
 4        2 - 3      0.7470        0.9321                                  7       9
 4        1 - B      0.5952                                                2       18
 4        2 - B      0.9326                                                7       18
 4        3 - B      0.9242                                                9       18
 5        1 - 2      0.6437        1.0000                                  2       5
 5        1 - 3      0.6391        0.9186                                  2       11
 5        2 - 3      0.7417        0.9794                                  5       11
 5        1 - B      0.7707                                                2       18
 5        2 - B      0.8843                                                5       18
 5        3 - B      0.9561                                                11      18
 
List of Contrast Loadings
---------------------------------------------------------------------------------
|  Entry          Outfit Infit   PTMA  Contrast (PCA Component) Loadings  ITEM  |
| Number  Measure  Mean-square   Corr.    1      2      3      4      5   Label |
|-------------------------------------------------------------------------------|
|      1     1.55   1.15  1.00    .56   -.48   -.19   -.54   -.13    .24  SEQ1  |
|      2      .13    .86   .87    .62   -.40   -.26   -.51   -.42    .08  SEQ2  |
|      3     -.27   1.01  1.09    .39   -.41    .30   -.27   -.39   -.27  SEQ3  |
|      4      .95    .84   .77    .74   -.48   -.43   -.28   -.10   -.11  SEQ4  |
|      5      .03   1.12  1.05    .60    .82   -.18   -.23    .17   -.09  SEQ5  |
|      6     1.55    .87   .85    .64    .69   -.30   -.36   -.13    .12  SEQ6  |
|      7      .09   1.23  1.09    .61    .79   -.09   -.30    .07   -.12  SEQ7  |
|      8      .25    .53   .52    .85    .03   -.57    .35   -.13   -.35  SEQ8  |
|      9      .38    .75   .78    .74   -.11   -.48    .54    .14   -.34  SEQ9  |
|     10      .36    .99   .93    .68   -.23   -.40    .58    .16    .08  SEQ10 |
|     11     -.06   1.82  1.69    .38    .46    .60    .02   -.18    .25  SEQ11 |
|     12     -.44   1.25  1.14    .37    .00    .48    .51   -.43   -.17  SEQ12 |
|     13     -.31   1.22  1.10    .47    .12    .45    .57   -.34   -.09  SEQ13 |
|     14     -.85   1.15  1.19    .58   -.18    .28    .43    .24    .59  SEQ14 |
|     15    -2.55    .84   .86    .42   -.39    .59   -.35    .28   -.15  SEQ15 |
|     16    -1.83   1.01  1.07    .48   -.46    .38   -.18    .53   -.24  SEQ16 |
|     17     1.02    .81   .81    .70   -.24   -.49    .22    .15    .43  SEQ17 |
|     18      .02   1.05   .95    .49    .08    .14   -.07    .75   -.15  SEQ18 |
---------------------------------------------------------------------------------
 
TABLE 23.1 2026 SE Questionnaire (embedded fixed ZOU687WS.TXT  Mar 02 2026 13:09
INPUT: 49 PERSON  18 ITEM  REPORTED: 49 PERSON  18 ITEM  5 CATS WINSTEPS 5.10.0.0
---------------------------------------------------------------------------------
 
     Table of STANDARDIZED RESIDUAL variance in Eigenvalue units = ITEM information units
                                           Eigenvalue   Observed   Expected
Total raw variance in observations     =      36.6839 100.0%         100.0%
  Raw variance explained by measures   =      18.6839  50.9%          49.9%
    Raw variance explained by persons  =      10.0003  27.3%          26.7%
    Raw Variance explained by items    =       8.6836  23.7%          23.2%
  Raw unexplained variance (total)     =      18.0000  49.1% 100.0%   50.1%
    Unexplned variance in 1st contrast =       3.3169   9.0%  18.4%
 
       STANDARDIZED RESIDUAL CONTRAST 1 PLOT
 
      -3        -2        -1         0         1         2         3         4
      -+---------+---------+---------+---------+---------+---------+---------+- COUNT  CLUSTER
      |                              |                                        |
   .8 +                              AB                                       + 2      1
      |                              |                                        |
   .7 +                              |              C                         + 1      1
      |                              |                                        |
C  .6 +                              |                                        +
O     |                              |                                        |
N  .5 +                              |                                        +
T     |                             D|                                        | 1      1
R  .4 +                              |                                        +
A     |                              |                                        |
S  .3 +                              |                                        +
T     |                              |                                        |
   .2 +                              |                                        +
1     |                              |                                        |
   .1 +                           E  F                                        + 2      2
L     |                              | G                                      | 1      2
O  .0 +--------------------------H---|----------------------------------------+ 1      2
A     |                              |                                        |
D -.1 +                              |   I                                    + 1      2
I     |                              |                                        |
N -.2 +                     i        |                                        + 1      3
G     |                              |   h     g                              | 2      3
  -.3 +                              |                                        +
      |                              |                                        |
  -.4 +    f                      d  |e                                       + 3      3
      |            c                 |                                        | 1      3
  -.5 +                              |        a     b                         + 2      3
      -+---------+---------+---------+---------+---------+---------+---------+-
      -3        -2        -1         0         1         2         3         4
                                    ITEM MEASURE
 COUNT:    1       1        1    12 1221 2    11    2
 
PERSON          1     1     12  311312 12322 2332 3 2 41 2               1
                      T         S          M         S         T
%TILE           0           10   20 30  40 50 60 70 80 90               99
 
Approximate relationships between the PERSON measures
 PCA      ITEM      Pearson       Disattenuated Pearson+Extr  Disattenuated+Extr
Contrast  Clusters  Correlation   Correlation   Correlation   Correlation  Cluster Sizes
 1        1 - 2      0.4897        0.6548                                  4       5
 1        1 - 3      0.2734        0.3354                                  4       9
 1        2 - 3      0.5963        0.7597                                  5       9
 1        1 - B      0.7060                                                4       18
 1        2 - B      0.8366                                                5       18
 1        3 - B      0.8224                                                9       18
 
TABLE 23.2 2026 SE Questionnaire (embedded fixed ZOU687WS.TXT  Mar 02 2026 13:09
INPUT: 49 PERSON  18 ITEM  REPORTED: 49 PERSON  18 ITEM  5 CATS WINSTEPS 5.10.0.0
---------------------------------------------------------------------------------
 
 CONTRAST 1 FROM PRINCIPAL COMPONENT ANALYSIS
  STANDARDIZED RESIDUAL LOADINGS FOR ITEM (SORTED BY LOADING)
 
-------------------------------------------------- -------------------------------------------
|CON-  |       |       INFIT OUTFIT| ENTRY       | |       |       INFIT OUTFIT| ENTRY       |
| TRAST|LOADING|MEASURE  MNSQ MNSQ |NUMBER ITEM  | |LOADING|MEASURE  MNSQ MNSQ |NUMBER ITEM  |
|------+-------+-------------------+-------------| |-------+-------------------+-------------|
|  1   |   .82 |     .03 1.05 1.12 |A    5 SEQ5  | |  -.48 |    1.55 1.00 1.15 |b    1 SEQ1  |
|  1   |   .79 |     .09 1.09 1.23 |B    7 SEQ7  | |  -.48 |     .95  .77  .84 |a    4 SEQ4  |
|  1   |   .69 |    1.55  .85  .87 |C    6 SEQ6  | |  -.46 |   -1.83 1.07 1.01 |c   16 SEQ16 |
|  1   |   .46 |    -.06 1.69 1.82 |D   11 SEQ11 | |  -.41 |    -.27 1.09 1.01 |d    3 SEQ3  |
|  1   |   .12 |    -.31 1.10 1.22 |E   13 SEQ13 | |  -.40 |     .13  .87  .86 |e    2 SEQ2  |
|  1   |   .08 |     .02  .95 1.05 |F   18 SEQ18 | |  -.39 |   -2.55  .86  .84 |f   15 SEQ15 |
|  1   |   .03 |     .25  .52  .53 |G    8 SEQ8  | |  -.24 |    1.02  .81  .81 |g   17 SEQ17 |
|  1   |   .00 |    -.44 1.14 1.25 |H   12 SEQ12 | |  -.23 |     .36  .93  .99 |h   10 SEQ10 |
|      |       |                   |             | |  -.18 |    -.85 1.19 1.15 |i   14 SEQ14 |
|      |       |                   |             | |  -.11 |     .38  .78  .75 |I    9 SEQ9  |
-------------------------------------------------- -------------------------------------------
 
--------------------------------------------------
|CON CL|       |       INFIT OUTFIT| ENTRY       |
|TRA US|LOADING|MEASURE  MNSQ MNSQ |NUMBER ITEM  |
|------+-------+-------------------+-------------|
|  1 1 |   .82 |     .03 1.05 1.12 |A    5 SEQ5  |
|  1 1 |   .79 |     .09 1.09 1.23 |B    7 SEQ7  |
|  1 1 |   .69 |    1.55  .85  .87 |C    6 SEQ6  |
|  1 1 |   .46 |    -.06 1.69 1.82 |D   11 SEQ11 |
|  1 2 |   .12 |    -.31 1.10 1.22 |E   13 SEQ13 |
|  1 2 |   .08 |     .02  .95 1.05 |F   18 SEQ18 |
|  1 2 |   .03 |     .25  .52  .53 |G    8 SEQ8  |
|  1 2 |   .00 |    -.44 1.14 1.25 |H   12 SEQ12 |
|      |-------+-------------------+-------------|
|  1 3 |  -.48 |    1.55 1.00 1.15 |b    1 SEQ1  |
|  1 3 |  -.48 |     .95  .77  .84 |a    4 SEQ4  |
|  1 3 |  -.46 |   -1.83 1.07 1.01 |c   16 SEQ16 |
|  1 3 |  -.41 |    -.27 1.09 1.01 |d    3 SEQ3  |
|  1 3 |  -.40 |     .13  .87  .86 |e    2 SEQ2  |
|  1 3 |  -.39 |   -2.55  .86  .84 |f   15 SEQ15 |
|  1 3 |  -.24 |    1.02  .81  .81 |g   17 SEQ17 |
|  1 3 |  -.23 |     .36  .93  .99 |h   10 SEQ10 |
|  1 3 |  -.18 |    -.85 1.19 1.15 |i   14 SEQ14 |
|  1 2 |  -.11 |     .38  .78  .75 |I    9 SEQ9  |
--------------------------------------------------
 
TABLE 23.3 2026 SE Questionnaire (embedded fixed ZOU687WS.TXT  Mar 02 2026 13:09
INPUT: 49 PERSON  18 ITEM  REPORTED: 49 PERSON  18 ITEM  5 CATS WINSTEPS 5.10.0.0
---------------------------------------------------------------------------------
 
 ITEM CONTRAST 1 CONTRASTING RESPONSES BY PERSON
 
-----------------------------------
|        PERSON FAVORS TOP        |
| TOP 5 ITEM     | BOTTOM 5 ITEM  |
| HIGH  EXP. LOW | HIGH  EXP. LOW |
|----------------+----------------|
|    4    1    0 |    0    1    4 | 36  P036
|    3    2    0 |    0    2    3 | 32  P032
|    4    1    0 |    0    4    1 | 3   P003
|    3    2    0 |    0    3    2 | 13  P013
|    4    0    1 |    0    3    2 | 44  P044
|    3    1    1 |    1    2    2 | 9   P009
|    1    3    1 |    0    2    3 | 16  P016
|    2    3    0 |    2    0    3 | 28  P028
|    1    3    1 |    0    2    3 | 31  P031
|    0    5    0 |    0    2    3 | 34  P034
|    1    4    0 |    0    3    2 | 38  P038
|    4    0    1 |    2    1    2 | 45  P045
-----------------------------------
-----------------------------------
|        PERSON FAVORS BOTTOM     |
| TOP 5 ITEM     | BOTTOM 5 ITEM  |
| HIGH  EXP. LOW | HIGH  EXP. LOW |
|----------------+----------------|
|    0    2    3 |    4    1    0 | 2   P002
|    1    0    4 |    4    1    0 | 26  P026
|    0    2    3 |    2    3    0 | 21  P021
|    0    1    4 |    1    4    0 | 22  P022
|    0    2    3 |    2    3    0 | 40  P040
|    0    2    3 |    3    1    1 | 47  P047
|    2    1    2 |    3    2    0 | 25  P025
|    0    1    4 |    1    2    2 | 30  P030
|    0    2    3 |    1    3    1 | 42  P042
|    0    5    0 |    2    3    0 | 5   P005
|    0    3    2 |    1    3    1 | 11  P011
|    0    4    1 |    2    2    1 | 24  P024
|    3    1    1 |    4    1    0 | 39  P039
|    0    3    2 |    1    3    1 | 48  P048
|    2    0    3 |    2    2    1 | 49  P049
-----------------------------------
 
TABLE 23.4 2026 SE Questionnaire (embedded fixed ZOU687WS.TXT  Mar 02 2026 13:09
INPUT: 49 PERSON  18 ITEM  REPORTED: 49 PERSON  18 ITEM  5 CATS WINSTEPS 5.10.0.0
---------------------------------------------------------------------------------
 
 CONTRAST 1 FROM PRINCIPAL COMPONENT ANALYSIS
  STANDARDIZED RESIDUAL LOADINGS FOR ITEM (SORTED BY MEASURE)
 
--------------------------------------------------
|CON CL|       |       INFIT OUTFIT| ENTRY       |
|TRA US|LOADING|MEASURE  MNSQ MNSQ |NUMBER ITEM  |
|------+-------+-------------------+-------------|
|  1 3 |  -.48 |    1.55 1.00 1.15 |b    1 SEQ1  |
|  1 1 |   .69 |    1.55  .85  .87 |C    6 SEQ6  |
|  1 3 |  -.24 |    1.02  .81  .81 |g   17 SEQ17 |
|  1 3 |  -.48 |     .95  .77  .84 |a    4 SEQ4  |
|  1 2 |  -.11 |     .38  .78  .75 |I    9 SEQ9  |
|  1 3 |  -.23 |     .36  .93  .99 |h   10 SEQ10 |
|  1 2 |   .03 |     .25  .52  .53 |G    8 SEQ8  |
|  1 3 |  -.40 |     .13  .87  .86 |e    2 SEQ2  |
|  1 1 |   .79 |     .09 1.09 1.23 |B    7 SEQ7  |
|  1 1 |   .82 |     .03 1.05 1.12 |A    5 SEQ5  |
|  1 2 |   .08 |     .02  .95 1.05 |F   18 SEQ18 |
|  1 1 |   .46 |    -.06 1.69 1.82 |D   11 SEQ11 |
|  1 3 |  -.41 |    -.27 1.09 1.01 |d    3 SEQ3  |
|  1 2 |   .12 |    -.31 1.10 1.22 |E   13 SEQ13 |
|  1 2 |   .00 |    -.44 1.14 1.25 |H   12 SEQ12 |
|  1 3 |  -.18 |    -.85 1.19 1.15 |i   14 SEQ14 |
|  1 3 |  -.46 |   -1.83 1.07 1.01 |c   16 SEQ16 |
|  1 3 |  -.39 |   -2.55  .86  .84 |f   15 SEQ15 |
--------------------------------------------------
 
TABLE 23.5 2026 SE Questionnaire (embedded fixed ZOU687WS.TXT  Mar 02 2026 13:09
INPUT: 49 PERSON  18 ITEM  REPORTED: 49 PERSON  18 ITEM  5 CATS WINSTEPS 5.10.0.0
---------------------------------------------------------------------------------
 
 CONTRAST 1 FROM PRINCIPAL COMPONENT ANALYSIS
  STANDARDIZED RESIDUAL LOADINGS FOR ITEM (SORTED BY ENTRY)
 
--------------------------------------------------
|CON CL|       |       INFIT OUTFIT| ENTRY       |
|TRA US|LOADING|MEASURE  MNSQ MNSQ |NUMBER ITEM  |
|------+-------+-------------------+-------------|
|  1 3 |  -.48 |    1.55 1.00 1.15 |b    1 SEQ1  |
|  1 3 |  -.40 |     .13  .87  .86 |e    2 SEQ2  |
|  1 3 |  -.41 |    -.27 1.09 1.01 |d    3 SEQ3  |
|  1 3 |  -.48 |     .95  .77  .84 |a    4 SEQ4  |
|  1 1 |   .82 |     .03 1.05 1.12 |A    5 SEQ5  |
|  1 1 |   .69 |    1.55  .85  .87 |C    6 SEQ6  |
|  1 1 |   .79 |     .09 1.09 1.23 |B    7 SEQ7  |
|  1 2 |   .03 |     .25  .52  .53 |G    8 SEQ8  |
|  1 2 |  -.11 |     .38  .78  .75 |I    9 SEQ9  |
|  1 3 |  -.23 |     .36  .93  .99 |h   10 SEQ10 |
|  1 1 |   .46 |    -.06 1.69 1.82 |D   11 SEQ11 |
|  1 2 |   .00 |    -.44 1.14 1.25 |H   12 SEQ12 |
|  1 2 |   .12 |    -.31 1.10 1.22 |E   13 SEQ13 |
|  1 3 |  -.18 |    -.85 1.19 1.15 |i   14 SEQ14 |
|  1 3 |  -.39 |   -2.55  .86  .84 |f   15 SEQ15 |
|  1 3 |  -.46 |   -1.83 1.07 1.01 |c   16 SEQ16 |
|  1 3 |  -.24 |    1.02  .81  .81 |g   17 SEQ17 |
|  1 2 |   .08 |     .02  .95 1.05 |F   18 SEQ18 |
--------------------------------------------------
 
TABLE 23.6 2026 SE Questionnaire (embedded fixed ZOU687WS.TXT  Mar 02 2026 13:09
INPUT: 49 PERSON  18 ITEM  REPORTED: 49 PERSON  18 ITEM  5 CATS WINSTEPS 5.10.0.0
---------------------------------------------------------------------------------
 
------------------------------------------------------------------------------------------
|                         CONTRAST 1  CLUSTER MEASURES                                   |
|                 |   CLUSTER 1   |   CLUSTER 2   |   CLUSTER 3   |   BASELINE    |      |
|  PERSON  STATUS | MEASURE  S.E. | MEASURE  S.E. | MEASURE  S.E. | MEASURE  S.E. | PERSO|
|-----------------+---------------+---------------+---------------+---------------+------|
|       1     1   |     .55   .66 |     .01   .57 |     .29   .45 |     .27   .31 | P001 |
|       2     1   |   -1.44   .66 |     .01   .57 |     .49   .46 |    -.11   .30 | P002 |
|       3     1   |    1.55   .76 |     .35   .60 |    -.30   .44 |     .27   .31 | P003 |
|       4     1   |    1.02   .70 |    1.70   .75 |    1.70   .54 |    1.52   .37 | P004 |
|       5     1   |    1.55   .76 |    1.18   .69 |    1.17   .50 |    1.26   .36 | P005 |
|       6     1   |     .55   .66 |    1.70   .75 |     .49   .46 |     .78   .33 | P006 |
|       7     1   |    -.26   .62 |    -.59   .54 |    -.50   .44 |    -.47   .30 | P007 |
|       8     1   |    1.55   .76 |    1.70   .75 |     .93   .48 |    1.26   .36 | P008 |
|       9     1   |    1.55   .76 |     .43   .69 |     .09   .45 |     .49   .33 | P009 |
|      10     1   |    1.02   .70 |    1.70   .75 |     .93   .48 |    1.13   .35 | P010 |
|      11     1   |    1.02   .70 |     .73   .64 |    1.17   .50 |    1.01   .34 | P011 |
|      12     1   |     .13   .63 |     .01   .57 |    -.50   .44 |    -.20   .30 | P012 |
|      13     1   |    1.02   .70 |     .01   .57 |     .29   .45 |     .36   .32 | P013 |
|      14     1   |   -1.02   .63 |    -.59   .54 |    -.88   .44 |    -.82   .30 | P014 |
|      15     1   |    1.55   .76 |    1.18   .69 |    2.34   .59 |    1.81   .38 | P015 |
|      16     1   |    1.55   .76 |    1.70   .75 |     .29   .45 |     .90   .34 | P016 |
|      17     1   |    1.02   .70 |     .73   .64 |     .93   .48 |     .90   .34 | P017 |
|      18     1   |    1.02   .70 |     .73   .64 |     .93   .48 |     .90   .34 | P018 |
|      19     1   |     .13   .63 |     .01   .57 |     .29   .45 |     .17   .31 | P019 |
|      20     1   |    1.55   .76 |     .35   .60 |     .71   .47 |     .78   .33 | P020 |
|      21     1   |   -3.36  1.08 |   -2.16   .62 |   -1.69   .46 |   -2.10   .34 | P021 |
|      22     1   |     .13   .63 |     .35   .60 |    4.06   .74 |    1.66   .38 | P022 |
|      23     1   |    1.02   .70 |    -.30   .55 |    -.30   .44 |    -.02   .30 | P023 |
|      24     1   |    -.63   .62 |    -.59   .54 |     .29   .45 |    -.20   .30 | P024 |
|      25     1   |   -1.91   .72 |   -2.16   .62 |    -.88   .44 |   -1.47   .31 | P025 |
|      26     1   |   -2.50   .82 |    3.60   .88 |    5.57  1.09 |    1.96   .39 | P026 |
|      27     1   |     .84   .78 |     .35   .60 |     .71   .47 |     .62   .34 | P027 |
|      28     1   |     .13   .63 |    -.59   .54 |    -.69   .44 |    -.47   .30 | P028 |
|      29     1   |    1.02   .70 |    1.18   .69 |     .09   .45 |     .57   .32 | P029 |
|      30     1   |   -1.44   .66 |    -.88   .54 |    -.50   .44 |    -.82   .30 | P030 |
|      31     1   |    -.64   .62 |    1.18   .69 |    -.88   .44 |    -.29   .30 | P031 |
|      32     1   |     .55   .66 |    1.18   .69 |    -.88   .44 |    -.02   .30 | P032 |
|      33     1   |    1.55   .76 |    1.18   .69 |    2.00   .56 |    1.66   .38 | P033 |
|      34     1   |    4.78  1.18 |    5.88  1.87 |    2.34   .59 |    3.59   .47 | P034 |
|      35     1   |     .55   .66 |    -.88   .54 |    -.50   .44 |    -.38   .30 | P035 |
|      36     1   |    4.78  1.18 |    1.70   .75 |     .71   .47 |    1.66   .38 | P036 |
|      37     1   |    1.02   .70 |    1.70   .75 |    2.00   .56 |    1.66   .38 | P037 |
|      38     1   |     .13   .63 |    1.18   .69 |     .09   .45 |     .36   .32 | P038 |
|      39     1   |    4.78  1.18 |    -.30   .55 |    2.70   .62 |    1.96   .39 | P039 |
|      40     1   |     .13   .63 |    1.70   .75 |    1.70   .54 |    1.26   .36 | P040 |
|      41     1   |    1.55   .76 |    1.70   .75 |     .49   .46 |    1.01   .34 | P041 |
|      42     1   |   -1.44   .66 |     .01   .57 |    -.30   .44 |    -.47   .30 | P042 |
|      43     1   |    1.55   .76 |    1.18   .69 |     .71   .47 |    1.01   .34 | P043 |
|      44     1   |    2.17   .81 |     .35   .60 |    -.11   .44 |     .47   .32 | P044 |
|      45     1   |     .55   .66 |    -.59   .54 |    -.30   .44 |    -.20   .30 | P045 |
|      46     1   |     .13   .63 |     .73   .64 |     .29   .45 |     .36   .32 | P046 |
|      47     1   |     .55   .66 |     .35   .60 |    2.00   .56 |    1.13   .35 | P047 |
|      48     1   |     .55   .66 |    1.18   .69 |    2.34   .59 |    1.52   .37 | P048 |
|      49     1   |   -1.44   .66 |    -.88   .54 |    -.69   .44 |    -.91   .30 | P049 |
------------------------------------------------------------------------------------------
      RELIABILITY:      .78             .72             .86             .89
 
Approximate relationships between the PERSON measures
 PCA      ITEM      Pearson       Disattenuated Pearson+Extr  Disattenuated+Extr
Contrast  Clusters  Correlation   Correlation   Correlation   Correlation  Cluster Sizes
 1        1 - 2      0.4897        0.6548                                  4       5
 1        1 - 3      0.2734        0.3354                                  4       9
 1        2 - 3      0.5963        0.7597                                  5       9
 1        1 - B      0.7060                                                4       18
 1        2 - B      0.8366                                                5       18
 1        3 - B      0.8224                                                9       18
 
TABLE 23.11 2026 SE Questionnaire (embedded fixe ZOU687WS.TXT  Mar 02 2026 13:09
INPUT: 49 PERSON  18 ITEM  REPORTED: 49 PERSON  18 ITEM  5 CATS WINSTEPS 5.10.0.0
---------------------------------------------------------------------------------
 
     Table of STANDARDIZED RESIDUAL variance in Eigenvalue units = ITEM information units
                                           Eigenvalue   Observed   Expected
Total raw variance in observations     =      36.6839 100.0%         100.0%
  Raw variance explained by measures   =      18.6839  50.9%          49.9%
    Raw variance explained by persons  =      10.0003  27.3%          26.7%
    Raw Variance explained by items    =       8.6836  23.7%          23.2%
  Raw unexplained variance (total)     =      18.0000  49.1% 100.0%   50.1%
    Unexplned variance in 1st contrast =       3.3169   9.0%  18.4%
    Unexplned variance in 2nd contrast =       2.8467   7.8%  15.8%
 
       STANDARDIZED RESIDUAL CONTRAST 2 PLOT
 
      -3        -2        -1         0         1         2         3         4
      -+---------+---------+---------+---------+---------+---------+---------+- COUNT  CLUSTER
      |                              |                                        |
   .6 +    f                        D|                                        + 2      1
      |                              |                                        |
   .5 +                          H   |                                        + 1      1
C     |                           E  |                                        | 1      1
O  .4 +            c                 |                                        + 1      1
N     |                              |                                        |
T  .3 +                     i     d  |                                        + 2      1
R     |                              |                                        |
A  .2 +                              |                                        +
S     |                              F                                        | 1      2
T  .1 +                              |                                        +
      |                              |                                        |
2  .0 +------------------------------|----------------------------------------+
      |                              |                                        |
L -.1 +                              |B                                       + 1      2
O     |                              |                                        |
A -.2 +                              A              b                         + 2      2
D     |                              |e                                       | 1      3
I -.3 +                              |              C                         + 1      3
N     |                              |                                        |
G -.4 +                              |   h                                    + 1      3
      |                              |        a                               | 1      3
  -.5 +                              |   I     g                              + 2      3
      |                              | G                                      | 1      3
  -.6 +                              |                                        +
      -+---------+---------+---------+---------+---------+---------+---------+-
      -3        -2        -1         0         1         2         3         4
                                    ITEM MEASURE
 COUNT:    1       1        1    12 1221 2    11    2
 
PERSON          1     1     12  311312 12322 2332 3 2 41 2               1
                      T         S          M         S         T
%TILE           0           10   20 30  40 50 60 70 80 90               99
 
Approximate relationships between the PERSON measures
 PCA      ITEM      Pearson       Disattenuated Pearson+Extr  Disattenuated+Extr
Contrast  Clusters  Correlation   Correlation   Correlation   Correlation  Cluster Sizes
 2        1 - 2      0.3152        0.4462                                  7       4
 2        1 - 3      0.4273        0.5423                                  7       7
 2        2 - 3      0.7036        0.9214                                  4       7
 2        1 - B      0.7132                                                7       18
 2        2 - B      0.7870                                                4       18
 2        3 - B      0.9086                                                7       18
 
TABLE 23.12 2026 SE Questionnaire (embedded fixe ZOU687WS.TXT  Mar 02 2026 13:09
INPUT: 49 PERSON  18 ITEM  REPORTED: 49 PERSON  18 ITEM  5 CATS WINSTEPS 5.10.0.0
---------------------------------------------------------------------------------
 
 CONTRAST 2 FROM PRINCIPAL COMPONENT ANALYSIS
  STANDARDIZED RESIDUAL LOADINGS FOR ITEM (SORTED BY LOADING)
 
-------------------------------------------------- -------------------------------------------
|CON-  |       |       INFIT OUTFIT| ENTRY       | |       |       INFIT OUTFIT| ENTRY       |
| TRAST|LOADING|MEASURE  MNSQ MNSQ |NUMBER ITEM  | |LOADING|MEASURE  MNSQ MNSQ |NUMBER ITEM  |
|------+-------+-------------------+-------------| |-------+-------------------+-------------|
|  2   |   .60 |    -.06 1.69 1.82 |D   11 SEQ11 | |  -.57 |     .25  .52  .53 |G    8 SEQ8  |
|  2   |   .59 |   -2.55  .86  .84 |f   15 SEQ15 | |  -.49 |    1.02  .81  .81 |g   17 SEQ17 |
|  2   |   .48 |    -.44 1.14 1.25 |H   12 SEQ12 | |  -.48 |     .38  .78  .75 |I    9 SEQ9  |
|  2   |   .45 |    -.31 1.10 1.22 |E   13 SEQ13 | |  -.43 |     .95  .77  .84 |a    4 SEQ4  |
|  2   |   .38 |   -1.83 1.07 1.01 |c   16 SEQ16 | |  -.40 |     .36  .93  .99 |h   10 SEQ10 |
|  2   |   .30 |    -.27 1.09 1.01 |d    3 SEQ3  | |  -.30 |    1.55  .85  .87 |C    6 SEQ6  |
|  2   |   .28 |    -.85 1.19 1.15 |i   14 SEQ14 | |  -.26 |     .13  .87  .86 |e    2 SEQ2  |
|  2   |   .14 |     .02  .95 1.05 |F   18 SEQ18 | |  -.19 |    1.55 1.00 1.15 |b    1 SEQ1  |
|      |       |                   |             | |  -.18 |     .03 1.05 1.12 |A    5 SEQ5  |
|      |       |                   |             | |  -.09 |     .09 1.09 1.23 |B    7 SEQ7  |
-------------------------------------------------- -------------------------------------------
 
--------------------------------------------------
|CON CL|       |       INFIT OUTFIT| ENTRY       |
|TRA US|LOADING|MEASURE  MNSQ MNSQ |NUMBER ITEM  |
|------+-------+-------------------+-------------|
|  2 1 |   .60 |    -.06 1.69 1.82 |D   11 SEQ11 |
|  2 1 |   .59 |   -2.55  .86  .84 |f   15 SEQ15 |
|  2 1 |   .48 |    -.44 1.14 1.25 |H   12 SEQ12 |
|  2 1 |   .45 |    -.31 1.10 1.22 |E   13 SEQ13 |
|  2 1 |   .38 |   -1.83 1.07 1.01 |c   16 SEQ16 |
|  2 1 |   .30 |    -.27 1.09 1.01 |d    3 SEQ3  |
|  2 1 |   .28 |    -.85 1.19 1.15 |i   14 SEQ14 |
|  2 2 |   .14 |     .02  .95 1.05 |F   18 SEQ18 |
|      |-------+-------------------+-------------|
|  2 3 |  -.57 |     .25  .52  .53 |G    8 SEQ8  |
|  2 3 |  -.49 |    1.02  .81  .81 |g   17 SEQ17 |
|  2 3 |  -.48 |     .38  .78  .75 |I    9 SEQ9  |
|  2 3 |  -.43 |     .95  .77  .84 |a    4 SEQ4  |
|  2 3 |  -.40 |     .36  .93  .99 |h   10 SEQ10 |
|  2 3 |  -.30 |    1.55  .85  .87 |C    6 SEQ6  |
|  2 3 |  -.26 |     .13  .87  .86 |e    2 SEQ2  |
|  2 2 |  -.19 |    1.55 1.00 1.15 |b    1 SEQ1  |
|  2 2 |  -.18 |     .03 1.05 1.12 |A    5 SEQ5  |
|  2 2 |  -.09 |     .09 1.09 1.23 |B    7 SEQ7  |
--------------------------------------------------
 
TABLE 23.13 2026 SE Questionnaire (embedded fixe ZOU687WS.TXT  Mar 02 2026 13:09
INPUT: 49 PERSON  18 ITEM  REPORTED: 49 PERSON  18 ITEM  5 CATS WINSTEPS 5.10.0.0
---------------------------------------------------------------------------------
 
 ITEM CONTRAST 2 CONTRASTING RESPONSES BY PERSON
 
-----------------------------------
|        PERSON FAVORS TOP        |
| TOP 4 ITEM     | BOTTOM 4 ITEM  |
| HIGH  EXP. LOW | HIGH  EXP. LOW |
|----------------+----------------|
|    4    0    0 |    0    0    4 | 49  P049
|    3    1    0 |    0    1    3 | 12  P012
|    3    1    0 |    0    2    2 | 25  P025
|    3    0    1 |    0    2    2 | 7   P007
|    2    2    0 |    0    2    2 | 13  P013
|    3    1    0 |    1    1    2 | 28  P028
|    3    1    0 |    0    3    1 | 46  P046
|    0    4    0 |    0    2    2 | 5   P005
|    1    3    0 |    0    3    1 | 15  P015
|    1    3    0 |    1    1    2 | 16  P016
|    0    4    0 |    0    2    2 | 20  P020
|    1    3    0 |    0    3    1 | 23  P023
|    2    2    0 |    1    2    1 | 32  P032
|    2    1    1 |    0    3    1 | 36  P036
|    0    4    0 |    0    2    2 | 43  P043
-----------------------------------
-----------------------------------
|        PERSON FAVORS BOTTOM     |
| TOP 4 ITEM     | BOTTOM 4 ITEM  |
| HIGH  EXP. LOW | HIGH  EXP. LOW |
|----------------+----------------|
|    0    1    3 |    2    2    0 | 11  P011
|    0    2    2 |    2    2    0 | 14  P014
|    0    1    3 |    1    3    0 | 22  P022
|    0    2    2 |    1    3    0 | 4   P004
|    0    2    2 |    2    1    1 | 6   P006
|    0    3    1 |    2    1    0 | 9   P009
|    0    2    2 |    1    3    0 | 10  P010
|    0    2    2 |    2    1    1 | 29  P029
|    0    3    1 |    2    2    0 | 40  P040
|    0    3    1 |    2    2    0 | 48  P048
-----------------------------------
 
TABLE 23.14 2026 SE Questionnaire (embedded fixe ZOU687WS.TXT  Mar 02 2026 13:09
INPUT: 49 PERSON  18 ITEM  REPORTED: 49 PERSON  18 ITEM  5 CATS WINSTEPS 5.10.0.0
---------------------------------------------------------------------------------
 
 CONTRAST 2 FROM PRINCIPAL COMPONENT ANALYSIS
  STANDARDIZED RESIDUAL LOADINGS FOR ITEM (SORTED BY MEASURE)
 
--------------------------------------------------
|CON CL|       |       INFIT OUTFIT| ENTRY       |
|TRA US|LOADING|MEASURE  MNSQ MNSQ |NUMBER ITEM  |
|------+-------+-------------------+-------------|
|  2 2 |  -.19 |    1.55 1.00 1.15 |b    1 SEQ1  |
|  2 3 |  -.30 |    1.55  .85  .87 |C    6 SEQ6  |
|  2 3 |  -.49 |    1.02  .81  .81 |g   17 SEQ17 |
|  2 3 |  -.43 |     .95  .77  .84 |a    4 SEQ4  |
|  2 3 |  -.48 |     .38  .78  .75 |I    9 SEQ9  |
|  2 3 |  -.40 |     .36  .93  .99 |h   10 SEQ10 |
|  2 3 |  -.57 |     .25  .52  .53 |G    8 SEQ8  |
|  2 3 |  -.26 |     .13  .87  .86 |e    2 SEQ2  |
|  2 2 |  -.09 |     .09 1.09 1.23 |B    7 SEQ7  |
|  2 2 |  -.18 |     .03 1.05 1.12 |A    5 SEQ5  |
|  2 2 |   .14 |     .02  .95 1.05 |F   18 SEQ18 |
|  2 1 |   .60 |    -.06 1.69 1.82 |D   11 SEQ11 |
|  2 1 |   .30 |    -.27 1.09 1.01 |d    3 SEQ3  |
|  2 1 |   .45 |    -.31 1.10 1.22 |E   13 SEQ13 |
|  2 1 |   .48 |    -.44 1.14 1.25 |H   12 SEQ12 |
|  2 1 |   .28 |    -.85 1.19 1.15 |i   14 SEQ14 |
|  2 1 |   .38 |   -1.83 1.07 1.01 |c   16 SEQ16 |
|  2 1 |   .59 |   -2.55  .86  .84 |f   15 SEQ15 |
--------------------------------------------------
 
TABLE 23.15 2026 SE Questionnaire (embedded fixe ZOU687WS.TXT  Mar 02 2026 13:09
INPUT: 49 PERSON  18 ITEM  REPORTED: 49 PERSON  18 ITEM  5 CATS WINSTEPS 5.10.0.0
---------------------------------------------------------------------------------
 
 CONTRAST 2 FROM PRINCIPAL COMPONENT ANALYSIS
  STANDARDIZED RESIDUAL LOADINGS FOR ITEM (SORTED BY ENTRY)
 
--------------------------------------------------
|CON CL|       |       INFIT OUTFIT| ENTRY       |
|TRA US|LOADING|MEASURE  MNSQ MNSQ |NUMBER ITEM  |
|------+-------+-------------------+-------------|
|  2 2 |  -.19 |    1.55 1.00 1.15 |b    1 SEQ1  |
|  2 3 |  -.26 |     .13  .87  .86 |e    2 SEQ2  |
|  2 1 |   .30 |    -.27 1.09 1.01 |d    3 SEQ3  |
|  2 3 |  -.43 |     .95  .77  .84 |a    4 SEQ4  |
|  2 2 |  -.18 |     .03 1.05 1.12 |A    5 SEQ5  |
|  2 3 |  -.30 |    1.55  .85  .87 |C    6 SEQ6  |
|  2 2 |  -.09 |     .09 1.09 1.23 |B    7 SEQ7  |
|  2 3 |  -.57 |     .25  .52  .53 |G    8 SEQ8  |
|  2 3 |  -.48 |     .38  .78  .75 |I    9 SEQ9  |
|  2 3 |  -.40 |     .36  .93  .99 |h   10 SEQ10 |
|  2 1 |   .60 |    -.06 1.69 1.82 |D   11 SEQ11 |
|  2 1 |   .48 |    -.44 1.14 1.25 |H   12 SEQ12 |
|  2 1 |   .45 |    -.31 1.10 1.22 |E   13 SEQ13 |
|  2 1 |   .28 |    -.85 1.19 1.15 |i   14 SEQ14 |
|  2 1 |   .59 |   -2.55  .86  .84 |f   15 SEQ15 |
|  2 1 |   .38 |   -1.83 1.07 1.01 |c   16 SEQ16 |
|  2 3 |  -.49 |    1.02  .81  .81 |g   17 SEQ17 |
|  2 2 |   .14 |     .02  .95 1.05 |F   18 SEQ18 |
--------------------------------------------------
 
TABLE 23.16 2026 SE Questionnaire (embedded fixe ZOU687WS.TXT  Mar 02 2026 13:09
INPUT: 49 PERSON  18 ITEM  REPORTED: 49 PERSON  18 ITEM  5 CATS WINSTEPS 5.10.0.0
---------------------------------------------------------------------------------
 
------------------------------------------------------------------------------------------
|                         CONTRAST 2  CLUSTER MEASURES                                   |
|                 |   CLUSTER 1   |   CLUSTER 2   |   CLUSTER 3   |   BASELINE    |      |
|  PERSON  STATUS | MEASURE  S.E. | MEASURE  S.E. | MEASURE  S.E. | MEASURE  S.E. | PERSO|
|-----------------+---------------+---------------+---------------+---------------+------|
|       1     1   |    -.38   .51 |    1.03   .70 |     .39   .47 |     .27   .31 | P001 |
|       2     1   |    -.38   .51 |    -.61   .62 |     .39   .47 |    -.11   .30 | P002 |
|       3     1   |    -.11   .53 |     .57   .66 |     .39   .47 |     .27   .31 | P003 |
